0
1
01
001
011
0001
0011
0111
00001
00011
00101
00111
01011
01111
000001
000011
000101
000111
001011
001101
001111
010111
011111
0000001
0000011
0000101
0000111
0001001
0001011
0001101
0001111
0010011
0010101
0010111
0011011
0011101
0011111
0101011
0101111
0110111
0111111
00000001
00000011
00000101
00000111
00001001
00001011
00001101
00001111
00010011
00010101
00010111
00011001
00011011
00011101
00011111
00100101
00100111
00101011
00101101
00101111
00110101
00110111
00111011
00111101
00111111
01010111
01011011
01011111
01101111
01111111
000000001
000000011
000000101
000000111
000001001
000001011
000001101
000001111
000010001
000010011
000010101
000010111
000011001
000011011
000011101
000011111
000100011
000100101
000100111
000101001
000101011
000101101
000101111
000110011
000110101
000110111
000111001
000111011
000111101
000111111
001001011
001001101
001001111
001010011
001010101
001010111
001011011
001011101
001011111
001100111
001101011
001101101
001101111
001110101
001110111
001111011
001111101
001111111
010101011
010101111
010110111
010111011
010111111
011011111
011101111
011111111
0000000001
0000000011
0000000101
0000000111
0000001001
0000001011
0000001101
0000001111
0000010001
0000010011
0000010101
0000010111
0000011001
0000011011
0000011101
0000011111
0000100011
0000100101
0000100111
0000101001
0000101011
0000101101
0000101111
0000110001
0000110011
0000110101
0000110111
0000111001
0000111011
0000111101
0000111111
0001000101
0001000111
0001001001
0001001011
0001001101
0001001111
0001010011
0001010101
0001010111
0001011001
0001011011
0001011101
0001011111
0001100101
0001100111
0001101001
0001101011
0001101101
0001101111
0001110011
0001110101
0001110111
0001111001
0001111011
0001111101
0001111111
0010010011
0010010101
0010010111
0010011011
0010011101
0010011111
0010100111
0010101011
0010101101
0010101111
0010110011
0010110101
0010110111
0010111011
0010111101
0010111111
0011001101
0011001111
0011010101
0011010111
0011011011
0011011101
0011011111
0011101011
0011101101
0011101111
0011110101
0011110111
0011111011
0011111101
0011111111
0101010111
0101011011
0101011111
0101101111
0101110111
0101111011
0101111111
0110110111
0110111111
0111011111
0111111111
00000000001
00000000011
00000000101
00000000111
00000001001
00000001011
00000001101
00000001111
00000010001
00000010011
00000010101
00000010111
00000011001
00000011011
00000011101
00000011111
00000100001
00000100011
00000100101
00000100111
00000101001
00000101011
00000101101
00000101111
00000110001
00000110011
00000110101
00000110111
00000111001
00000111011
00000111101
00000111111
00001000011
00001000101
00001000111
00001001001
00001001011
00001001101
00001001111
00001010001
00001010011
00001010101
00001010111
00001011001
00001011011
00001011101
00001011111
00001100011
00001100101
00001100111
00001101001
00001101011
00001101101
00001101111
00001110001
00001110011
00001110101
00001110111
00001111001
00001111011
00001111101
00001111111
00010001001
00010001011
00010001101
00010001111
00010010011
00010010101
00010010111
00010011001
00010011011
00010011101
00010011111
00010100011
00010100101
00010100111
00010101001
00010101011
00010101101
00010101111
00010110011
00010110101
00010110111
00010111001
00010111011
00010111101
00010111111
00011000111
00011001001
00011001011
00011001101
00011001111
00011010011
00011010101
00011010111
00011011001
00011011011
00011011101
00011011111
00011100101
00011100111
00011101001
00011101011
00011101101
00011101111
00011110011
00011110101
00011110111
00011111001
00011111011
00011111101
00011111111
00100100101
00100100111
00100101011
00100101101
00100101111
00100110011
00100110101
00100110111
00100111011
00100111101
00100111111
00101001011
00101001101
00101001111
00101010011
00101010101
00101010111
00101011011
00101011101
00101011111
00101100111
00101101011
00101101101
00101101111
00101110011
00101110101
00101110111
00101111011
00101111101
00101111111
00110011011
00110011101
00110011111
00110100111
00110101011
00110101101
00110101111
00110110101
00110110111
00110111011
00110111101
00110111111
00111001111
00111010101
00111010111
00111011011
00111011101
00111011111
00111101011
00111101101
00111101111
00111110101
00111110111
00111111011
00111111101
00111111111
01010101011
01010101111
01010110111
01010111011
01010111111
01011010111
01011011011
01011011111
01011101111
01011110111
01011111011
01011111111
01101101111
01101110111
01101111111
01110111111
01111011111
01111111111
000000000001
000000000011
000000000101
000000000111
000000001001
000000001011
000000001101
000000001111
000000010001
000000010011
000000010101
000000010111
000000011001
000000011011
000000011101
000000011111
000000100001
000000100011
000000100101
000000100111
000000101001
000000101011
000000101101
000000101111
000000110001
000000110011
000000110101
000000110111
000000111001
000000111011
000000111101
000000111111
000001000011
000001000101
000001000111
000001001001
000001001011
000001001101
000001001111
000001010001
000001010011
000001010101
000001010111
000001011001
000001011011
000001011101
000001011111
000001100001
000001100011
000001100101
000001100111
000001101001
000001101011
000001101101
000001101111
000001110001
000001110011
000001110101
000001110111
000001111001
000001111011
000001111101
000001111111
000010000101
000010000111
000010001001
000010001011
000010001101
000010001111
000010010001
000010010011
000010010101
000010010111
000010011001
000010011011
000010011101
000010011111
000010100011
000010100101
000010100111
000010101001
000010101011
000010101101
000010101111
000010110001
000010110011
000010110101
000010110111
000010111001
000010111011
000010111101
000010111111
000011000101
000011000111
000011001001
000011001011
000011001101
000011001111
000011010001
000011010011
000011010101
000011010111
000011011001
000011011011
000011011101
000011011111
000011100011
000011100101
000011100111
000011101001
000011101011
000011101101
000011101111
000011110001
000011110011
000011110101
000011110111
000011111001
000011111011
000011111101
000011111111
000100010011
000100010101
000100010111
000100011001
000100011011
000100011101
000100011111
000100100011
000100100101
000100100111
000100101001
000100101011
000100101101
000100101111
000100110011
000100110101
000100110111
000100111001
000100111011
000100111101
000100111111
000101000111
000101001001
000101001011
000101001101
000101001111
000101010011
000101010101
000101010111
000101011001
000101011011
000101011101
000101011111
000101100011
000101100101
000101100111
000101101001
000101101011
000101101101
000101101111
000101110011
000101110101
000101110111
000101111001
000101111011
000101111101
000101111111
000110001101
000110001111
000110010011
000110010101
000110010111
000110011001
000110011011
000110011101
000110011111
000110100101
000110100111
000110101001
000110101011
000110101101
000110101111
000110110011
000110110101
000110110111
000110111001
000110111011
000110111101
000110111111
000111001001
000111001011
000111001101
000111001111
000111010011
000111010101
000111010111
000111011001
000111011011
000111011101
000111011111
000111100101
000111100111
000111101001
000111101011
000111101101
000111101111
000111110011
000111110101
000111110111
000111111001
000111111011
000111111101
000111111111
001001001011
001001001101
001001001111
001001010011
001001010101
001001010111
001001011011
001001011101
001001011111
001001100101
001001100111
001001101011
001001101101
001001101111
001001110011
001001110101
001001110111
001001111011
001001111101
001001111111
001010010101
001010010111
001010011011
001010011101
001010011111
001010100111
001010101011
001010101101
001010101111
001010110011
001010110101
001010110111
001010111011
001010111101
001010111111
001011001101
001011001111
001011010011
001011010101
001011010111
001011011011
001011011101
001011011111
001011100111
001011101011
001011101101
001011101111
001011110011
001011110101
001011110111
001011111011
001011111101
001011111111
001100110101
001100110111
001100111011
001100111101
001100111111
001101001111
001101010101
001101010111
001101011011
001101011101
001101011111
001101100111
001101101011
001101101101
001101101111
001101110101
001101110111
001101111011
001101111101
001101111111
001110011101
001110011111
001110101011
001110101101
001110101111
001110110101
001110110111
001110111011
001110111101
001110111111
001111010101
001111010111
001111011011
001111011101
001111011111
001111101011
001111101101
001111101111
001111110101
001111110111
001111111011
001111111101
001111111111
010101010111
010101011011
010101011111
010101101011
010101101111
010101110111
010101111011
010101111111
010110101111
010110110111
010110111011
010110111111
010111011011
010111011111
010111101111
010111110111
010111111011
010111111111
011011011111
011011101111
011011110111
011011111111
011101111111
011110111111
011111111111
0000000000001
0000000000011
0000000000101
0000000000111
0000000001001
0000000001011
0000000001101
0000000001111
0000000010001
0000000010011
0000000010101
0000000010111
0000000011001
0000000011011
0000000011101
0000000011111
0000000100001
0000000100011
0000000100101
0000000100111
0000000101001
0000000101011
0000000101101
0000000101111
0000000110001
0000000110011
0000000110101
0000000110111
0000000111001
0000000111011
0000000111101
0000000111111
0000001000001
0000001000011
0000001000101
0000001000111
0000001001001
0000001001011
0000001001101
0000001001111
0000001010001
0000001010011
0000001010101
0000001010111
0000001011001
0000001011011
0000001011101
0000001011111
0000001100001
0000001100011
0000001100101
0000001100111
0000001101001
0000001101011
0000001101101
0000001101111
0000001110001
0000001110011
0000001110101
0000001110111
0000001111001
0000001111011
0000001111101
0000001111111
0000010000011
0000010000101
0000010000111
0000010001001
0000010001011
0000010001101
0000010001111
0000010010001
0000010010011
0000010010101
0000010010111
0000010011001
0000010011011
0000010011101
0000010011111
0000010100001
0000010100011
0000010100101
0000010100111
0000010101001
0000010101011
0000010101101
0000010101111
0000010110001
0000010110011
0000010110101
0000010110111
0000010111001
0000010111011
0000010111101
0000010111111
0000011000011
0000011000101
0000011000111
0000011001001
0000011001011
0000011001101
0000011001111
0000011010001
0000011010011
0000011010101
0000011010111
0000011011001
0000011011011
0000011011101
0000011011111
0000011100001
0000011100011
0000011100101
0000011100111
0000011101001
0000011101011
0000011101101
0000011101111
0000011110001
0000011110011
0000011110101
0000011110111
0000011111001
0000011111011
0000011111101
0000011111111
0000100001001
0000100001011
0000100001101
0000100001111
0000100010001
0000100010011
0000100010101
0000100010111
0000100011001
0000100011011
0000100011101
0000100011111
0000100100011
0000100100101
0000100100111
0000100101001
0000100101011
0000100101101
0000100101111
0000100110001
0000100110011
0000100110101
0000100110111
0000100111001
0000100111011
0000100111101
0000100111111
0000101000011
0000101000101
0000101000111
0000101001001
0000101001011
0000101001101
0000101001111
0000101010001
0000101010011
0000101010101
0000101010111
0000101011001
0000101011011
0000101011101
0000101011111
0000101100011
0000101100101
0000101100111
0000101101001
0000101101011
0000101101101
0000101101111
0000101110001
0000101110011
0000101110101
0000101110111
0000101111001
0000101111011
0000101111101
0000101111111
0000110000111
0000110001001
0000110001011
0000110001101
0000110001111
0000110010001
0000110010011
0000110010101
0000110010111
0000110011001
0000110011011
0000110011101
0000110011111
0000110100011
0000110100101
0000110100111
0000110101001
0000110101011
0000110101101
0000110101111
0000110110001
0000110110011
0000110110101
0000110110111
0000110111001
0000110111011
0000110111101
0000110111111
0000111000101
0000111000111
0000111001001
0000111001011
0000111001101
0000111001111
0000111010001
0000111010011
0000111010101
0000111010111
0000111011001
0000111011011
0000111011101
0000111011111
0000111100011
0000111100101
0000111100111
0000111101001
0000111101011
0000111101101
0000111101111
0000111110001
0000111110011
0000111110101
0000111110111
0000111111001
0000111111011
0000111111101
0000111111111
0001000100011
0001000100101
0001000100111
0001000101001
0001000101011
0001000101101
0001000101111
0001000110011
0001000110101
0001000110111
0001000111001
0001000111011
0001000111101
0001000111111
0001001000101
0001001000111
0001001001001
0001001001011
0001001001101
0001001001111
0001001010011
0001001010101
0001001010111
0001001011001
0001001011011
0001001011101
0001001011111
0001001100011
0001001100101
0001001100111
0001001101001
0001001101011
0001001101101
0001001101111
0001001110011
0001001110101
0001001110111
0001001111001
0001001111011
0001001111101
0001001111111
0001010001011
0001010001101
0001010001111
0001010010011
0001010010101
0001010010111
0001010011001
0001010011011
0001010011101
0001010011111
0001010100011
0001010100101
0001010100111
0001010101001
0001010101011
0001010101101
0001010101111
0001010110011
0001010110101
0001010110111
0001010111001
0001010111011
0001010111101
0001010111111
0001011000111
0001011001001
0001011001011
0001011001101
0001011001111
0001011010011
0001011010101
0001011010111
0001011011001
0001011011011
0001011011101
0001011011111
0001011100011
0001011100101
0001011100111
0001011101001
0001011101011
0001011101101
0001011101111
0001011110011
0001011110101
0001011110111
0001011111001
0001011111011
0001011111101
0001011111111
0001100011001
0001100011011
0001100011101
0001100011111
0001100100101
0001100100111
0001100101001
0001100101011
0001100101101
0001100101111
0001100110011
0001100110101
0001100110111
0001100111001
0001100111011
0001100111101
0001100111111
0001101000111
0001101001001
0001101001011
0001101001101
0001101001111
0001101010011
0001101010101
0001101010111
0001101011001
0001101011011
0001101011101
0001101011111
0001101100101
0001101100111
0001101101001
0001101101011
0001101101101
0001101101111
0001101110011
0001101110101
0001101110111
0001101111001
0001101111011
0001101111101
0001101111111
0001110001111
0001110010011
0001110010101
0001110010111
0001110011001
0001110011011
0001110011101
0001110011111
0001110100101
0001110100111
0001110101001
0001110101011
0001110101101
0001110101111
0001110110011
0001110110101
0001110110111
0001110111001
0001110111011
0001110111101
0001110111111
0001111001001
0001111001011
0001111001101
0001111001111
0001111010011
0001111010101
0001111010111
0001111011001
0001111011011
0001111011101
0001111011111
0001111100101
0001111100111
0001111101001
0001111101011
0001111101101
0001111101111
0001111110011
0001111110101
0001111110111
0001111111001
0001111111011
0001111111101
0001111111111
0010010010011
0010010010101
0010010010111
0010010011011
0010010011101
0010010011111
0010010100101
0010010100111
0010010101011
0010010101101
0010010101111
0010010110011
0010010110101
0010010110111
0010010111011
0010010111101
0010010111111
0010011001011
0010011001101
0010011001111
0010011010011
0010011010101
0010011010111
0010011011011
0010011011101
0010011011111
0010011100101
0010011100111
0010011101011
0010011101101
0010011101111
0010011110011
0010011110101
0010011110111
0010011111011
0010011111101
0010011111111
0010100101011
0010100101101
0010100101111
0010100110011
0010100110101
0010100110111
0010100111011
0010100111101
0010100111111
0010101001011
0010101001101
0010101001111
0010101010011
0010101010101
0010101010111
0010101011011
0010101011101
0010101011111
0010101100111
0010101101011
0010101101101
0010101101111
0010101110011
0010101110101
0010101110111
0010101111011
0010101111101
0010101111111
0010110010111
0010110011011
0010110011101
0010110011111
0010110100111
0010110101011
0010110101101
0010110101111
0010110110011
0010110110101
0010110110111
0010110111011
0010110111101
0010110111111
0010111001101
0010111001111
0010111010011
0010111010101
0010111010111
0010111011011
0010111011101
0010111011111
0010111100111
0010111101011
0010111101101
0010111101111
0010111110011
0010111110101
0010111110111
0010111111011
0010111111101
0010111111111
0011001100111
0011001101011
0011001101101
0011001101111
0011001110101
0011001110111
0011001111011
0011001111101
0011001111111
0011010011011
0011010011101
0011010011111
0011010100111
0011010101011
0011010101101
0011010101111
0011010110101
0011010110111
0011010111011
0011010111101
0011010111111
0011011001111
0011011010101
0011011010111
0011011011011
0011011011101
0011011011111
0011011100111
0011011101011
0011011101101
0011011101111
0011011110101
0011011110111
0011011111011
0011011111101
0011011111111
0011100111011
0011100111101
0011100111111
0011101001111
0011101010101
0011101010111
0011101011011
0011101011101
0011101011111
0011101101011
0011101101101
0011101101111
0011101110101
0011101110111
0011101111011
0011101111101
0011101111111
0011110011111
0011110101011
0011110101101
0011110101111
0011110110101
0011110110111
0011110111011
0011110111101
0011110111111
0011111010101
0011111010111
0011111011011
0011111011101
0011111011111
0011111101011
0011111101101
0011111101111
0011111110101
0011111110111
0011111111011
0011111111101
0011111111111
0101010101011
0101010101111
0101010110111
0101010111011
0101010111111
0101011010111
0101011011011
0101011011111
0101011101011
0101011101111
0101011110111
0101011111011
0101011111111
0101101011011
0101101011111
0101101101111
0101101110111
0101101111011
0101101111111
0101110101111
0101110110111
0101110111011
0101110111111
0101111011011
0101111011111
0101111101111
0101111110111
0101111111011
0101111111111
0110110110111
0110110111111
0110111011111
0110111101111
0110111110111
0110111111111
0111011101111
0111011111111
0111101111111
0111110111111
0111111111111
00000000000001
00000000000011
00000000000101
00000000000111
00000000001001
00000000001011
00000000001101
00000000001111
00000000010001
00000000010011
00000000010101
00000000010111
00000000011001
00000000011011
00000000011101
00000000011111
00000000100001
00000000100011
00000000100101
00000000100111
00000000101001
00000000101011
00000000101101
00000000101111
00000000110001
00000000110011
00000000110101
00000000110111
00000000111001
00000000111011
00000000111101
00000000111111
00000001000001
00000001000011
00000001000101
00000001000111
00000001001001
00000001001011
00000001001101
00000001001111
00000001010001
00000001010011
00000001010101
00000001010111
00000001011001
00000001011011
00000001011101
00000001011111
00000001100001
00000001100011
00000001100101
00000001100111
00000001101001
00000001101011
00000001101101
00000001101111
00000001110001
00000001110011
00000001110101
00000001110111
00000001111001
00000001111011
00000001111101
00000001111111
00000010000011
00000010000101
00000010000111
00000010001001
00000010001011
00000010001101
00000010001111
00000010010001
00000010010011
00000010010101
00000010010111
00000010011001
00000010011011
00000010011101
00000010011111
00000010100001
00000010100011
00000010100101
00000010100111
00000010101001
00000010101011
00000010101101
00000010101111
00000010110001
00000010110011
00000010110101
00000010110111
00000010111001
00000010111011
00000010111101
00000010111111
00000011000001
00000011000011
00000011000101
00000011000111
00000011001001
00000011001011
00000011001101
00000011001111
00000011010001
00000011010011
00000011010101
00000011010111
00000011011001
00000011011011
00000011011101
00000011011111
00000011100001
00000011100011
00000011100101
00000011100111
00000011101001
00000011101011
00000011101101
00000011101111
00000011110001
00000011110011
00000011110101
00000011110111
00000011111001
00000011111011
00000011111101
00000011111111
00000100000101
00000100000111
00000100001001
00000100001011
00000100001101
00000100001111
00000100010001
00000100010011
00000100010101
00000100010111
00000100011001
00000100011011
00000100011101
00000100011111
00000100100001
00000100100011
00000100100101
00000100100111
00000100101001
00000100101011
00000100101101
00000100101111
00000100110001
00000100110011
00000100110101
00000100110111
00000100111001
00000100111011
00000100111101
00000100111111
00000101000011
00000101000101
00000101000111
00000101001001
00000101001011
00000101001101
00000101001111
00000101010001
00000101010011
00000101010101
00000101010111
00000101011001
00000101011011
00000101011101
00000101011111
00000101100001
00000101100011
00000101100101
00000101100111
00000101101001
00000101101011
00000101101101
00000101101111
00000101110001
00000101110011
00000101110101
00000101110111
00000101111001
00000101111011
00000101111101
00000101111111
00000110000101
00000110000111
00000110001001
00000110001011
00000110001101
00000110001111
00000110010001
00000110010011
00000110010101
00000110010111
00000110011001
00000110011011
00000110011101
00000110011111
00000110100001
00000110100011
00000110100101
00000110100111
00000110101001
00000110101011
00000110101101
00000110101111
00000110110001
00000110110011
00000110110101
00000110110111
00000110111001
00000110111011
00000110111101
00000110111111
00000111000011
00000111000101
00000111000111
00000111001001
00000111001011
00000111001101
00000111001111
00000111010001
00000111010011
00000111010101
00000111010111
00000111011001
00000111011011
00000111011101
00000111011111
00000111100001
00000111100011
00000111100101
00000111100111
00000111101001
00000111101011
00000111101101
00000111101111
00000111110001
00000111110011
00000111110101
00000111110111
00000111111001
00000111111011
00000111111101
00000111111111
00001000010001
00001000010011
00001000010101
00001000010111
00001000011001
00001000011011
00001000011101
00001000011111
00001000100011
00001000100101
00001000100111
00001000101001
00001000101011
00001000101101
00001000101111
00001000110001
00001000110011
00001000110101
00001000110111
00001000111001
00001000111011
00001000111101
00001000111111
00001001000011
00001001000101
00001001000111
00001001001001
00001001001011
00001001001101
00001001001111
00001001010001
00001001010011
00001001010101
00001001010111
00001001011001
00001001011011
00001001011101
00001001011111
00001001100011
00001001100101
00001001100111
00001001101001
00001001101011
00001001101101
00001001101111
00001001110001
00001001110011
00001001110101
00001001110111
00001001111001
00001001111011
00001001111101
00001001111111
00001010000111
00001010001001
00001010001011
00001010001101
00001010001111
00001010010001
00001010010011
00001010010101
00001010010111
00001010011001
00001010011011
00001010011101
00001010011111
00001010100011
00001010100101
00001010100111
00001010101001
00001010101011
00001010101101
00001010101111
00001010110001
00001010110011
00001010110101
00001010110111
00001010111001
00001010111011
00001010111101
00001010111111
00001011000011
00001011000101
00001011000111
00001011001001
00001011001011
00001011001101
00001011001111
00001011010001
00001011010011
00001011010101
00001011010111
00001011011001
00001011011011
00001011011101
00001011011111
00001011100011
00001011100101
00001011100111
00001011101001
00001011101011
00001011101101
00001011101111
00001011110001
00001011110011
00001011110101
00001011110111
00001011111001
00001011111011
00001011111101
00001011111111
00001100001101
00001100001111
00001100010001
00001100010011
00001100010101
00001100010111
00001100011001
00001100011011
00001100011101
00001100011111
00001100100011
00001100100101
00001100100111
00001100101001
00001100101011
00001100101101
00001100101111
00001100110001
00001100110011
00001100110101
00001100110111
00001100111001
00001100111011
00001100111101
00001100111111
00001101000101
00001101000111
00001101001001
00001101001011
00001101001101
00001101001111
00001101010001
00001101010011
00001101010101
00001101010111
00001101011001
00001101011011
00001101011101
00001101011111
00001101100011
00001101100101
00001101100111
00001101101001
00001101101011
00001101101101
00001101101111
00001101110001
00001101110011
00001101110101
00001101110111
00001101111001
00001101111011
00001101111101
00001101111111
00001110001001
00001110001011
00001110001101
00001110001111
00001110010001
00001110010011
00001110010101
00001110010111
00001110011001
00001110011011
00001110011101
00001110011111
00001110100011
00001110100101
00001110100111
00001110101001
00001110101011
00001110101101
00001110101111
00001110110001
00001110110011
00001110110101
00001110110111
00001110111001
00001110111011
00001110111101
00001110111111
00001111000101
00001111000111
00001111001001
00001111001011
00001111001101
00001111001111
00001111010001
00001111010011
00001111010101
00001111010111
00001111011001
00001111011011
00001111011101
00001111011111
00001111100011
00001111100101
00001111100111
00001111101001
00001111101011
00001111101101
00001111101111
00001111110001
00001111110011
00001111110101
00001111110111
00001111111001
00001111111011
00001111111101
00001111111111
00010001000101
00010001000111
00010001001001
00010001001011
00010001001101
00010001001111
00010001010011
00010001010101
00010001010111
00010001011001
00010001011011
00010001011101
00010001011111
00010001100011
00010001100101
00010001100111
00010001101001
00010001101011
00010001101101
00010001101111
00010001110011
00010001110101
00010001110111
00010001111001
00010001111011
00010001111101
00010001111111
00010010001011
00010010001101
00010010001111
00010010010011
00010010010101
00010010010111
00010010011001
00010010011011
00010010011101
00010010011111
00010010100011
00010010100101
00010010100111
00010010101001
00010010101011
00010010101101
00010010101111
00010010110011
00010010110101
00010010110111
00010010111001
00010010111011
00010010111101
00010010111111
00010011000101
00010011000111
00010011001001
00010011001011
00010011001101
00010011001111
00010011010011
00010011010101
00010011010111
00010011011001
00010011011011
00010011011101
00010011011111
00010011100011
00010011100101
00010011100111
00010011101001
00010011101011
00010011101101
00010011101111
00010011110011
00010011110101
00010011110111
00010011111001
00010011111011
00010011111101
00010011111111
00010100010101
00010100010111
00010100011001
00010100011011
00010100011101
00010100011111
00010100100011
00010100100101
00010100100111
00010100101001
00010100101011
00010100101101
00010100101111
00010100110011
00010100110101
00010100110111
00010100111001
00010100111011
00010100111101
00010100111111
00010101000111
00010101001001
00010101001011
00010101001101
00010101001111
00010101010011
00010101010101
00010101010111
00010101011001
00010101011011
00010101011101
00010101011111
00010101100011
00010101100101
00010101100111
00010101101001
00010101101011
00010101101101
00010101101111
00010101110011
00010101110101
00010101110111
00010101111001
00010101111011
00010101111101
00010101111111
00010110001101
00010110001111
00010110010011
00010110010101
00010110010111
00010110011001
00010110011011
00010110011101
00010110011111
00010110100011
00010110100101
00010110100111
00010110101001
00010110101011
00010110101101
00010110101111
00010110110011
00010110110101
00010110110111
00010110111001
00010110111011
00010110111101
00010110111111
00010111000111
00010111001001
00010111001011
00010111001101
00010111001111
00010111010011
00010111010101
00010111010111
00010111011001
00010111011011
00010111011101
00010111011111
00010111100011
00010111100101
00010111100111
00010111101001
00010111101011
00010111101101
00010111101111
00010111110011
00010111110101
00010111110111
00010111111001
00010111111011
00010111111101
00010111111111
00011000110011
00011000110101
00011000110111
00011000111001
00011000111011
00011000111101
00011000111111
00011001000111
00011001001001
00011001001011
00011001001101
00011001001111
00011001010011
00011001010101
00011001010111
00011001011001
00011001011011
00011001011101
00011001011111
00011001100101
00011001100111
00011001101001
00011001101011
00011001101101
00011001101111
00011001110011
00011001110101
00011001110111
00011001111001
00011001111011
00011001111101
00011001111111
00011010001111
00011010010011
00011010010101
00011010010111
00011010011001
00011010011011
00011010011101
00011010011111
00011010100101
00011010100111
00011010101001
00011010101011
00011010101101
00011010101111
00011010110011
00011010110101
00011010110111
00011010111001
00011010111011
00011010111101
00011010111111
00011011000111
00011011001001
00011011001011
00011011001101
00011011001111
00011011010011
00011011010101
00011011010111
00011011011001
00011011011011
00011011011101
00011011011111
00011011100101
00011011100111
00011011101001
00011011101011
00011011101101
00011011101111
00011011110011
00011011110101
00011011110111
00011011111001
00011011111011
00011011111101
00011011111111
00011100011101
00011100011111
00011100100101
00011100100111
00011100101001
00011100101011
00011100101101
00011100101111
00011100110011
00011100110101
00011100110111
00011100111001
00011100111011
00011100111101
00011100111111
00011101001001
00011101001011
00011101001101
00011101001111
00011101010011
00011101010101
00011101010111
00011101011001
00011101011011
00011101011101
00011101011111
00011101100101
00011101100111
00011101101001
00011101101011
00011101101101
00011101101111
00011101110011
00011101110101
00011101110111
00011101111001
00011101111011
00011101111101
00011101111111
00011110010011
00011110010101
00011110010111
00011110011001
00011110011011
00011110011101
00011110011111
00011110100101
00011110100111
00011110101001
00011110101011
00011110101101
00011110101111
00011110110011
00011110110101
00011110110111
00011110111001
00011110111011
00011110111101
00011110111111
00011111001001
00011111001011
00011111001101
00011111001111
00011111010011
00011111010101
00011111010111
00011111011001
00011111011011
00011111011101
00011111011111
00011111100101
00011111100111
00011111101001
00011111101011
00011111101101
00011111101111
00011111110011
00011111110101
00011111110111
00011111111001
00011111111011
00011111111101
00011111111111
00100100100101
00100100100111
00100100101011
00100100101101
00100100101111
00100100110011
00100100110101
00100100110111
00100100111011
00100100111101
00100100111111
00100101001011
00100101001101
00100101001111
00100101010011
00100101010101
00100101010111
00100101011011
00100101011101
00100101011111
00100101100101
00100101100111
00100101101011
00100101101101
00100101101111
00100101110011
00100101110101
00100101110111
00100101111011
00100101111101
00100101111111
00100110010101
00100110010111
00100110011011
00100110011101
00100110011111
00100110100101
00100110100111
00100110101011
00100110101101
00100110101111
00100110110011
00100110110101
00100110110111
00100110111011
00100110111101
00100110111111
00100111001011
00100111001101
00100111001111
00100111010011
00100111010101
00100111010111
00100111011011
00100111011101
00100111011111
00100111100101
00100111100111
00100111101011
00100111101101
00100111101111
00100111110011
00100111110101
00100111110111
00100111111011
00100111111101
00100111111111
00101001010011
00101001010101
00101001010111
00101001011011
00101001011101
00101001011111
00101001100111
00101001101011
00101001101101
00101001101111
00101001110011
00101001110101
00101001110111
00101001111011
00101001111101
00101001111111
00101010010111
00101010011011
00101010011101
00101010011111
00101010100111
00101010101011
00101010101101
00101010101111
00101010110011
00101010110101
00101010110111
00101010111011
00101010111101
00101010111111
00101011001011
00101011001101
00101011001111
00101011010011
00101011010101
00101011010111
00101011011011
00101011011101
00101011011111
00101011100111
00101011101011
00101011101101
00101011101111
00101011110011
00101011110101
00101011110111
00101011111011
00101011111101
00101011111111
00101100101101
00101100101111
00101100110011
00101100110101
00101100110111
00101100111011
00101100111101
00101100111111
00101101001101
00101101001111
00101101010011
00101101010101
00101101010111
00101101011011
00101101011101
00101101011111
00101101100111
00101101101011
00101101101101
00101101101111
00101101110011
00101101110101
00101101110111
00101101111011
00101101111101
00101101111111
00101110011011
00101110011101
00101110011111
00101110100111
00101110101011
00101110101101
00101110101111
00101110110011
00101110110101
00101110110111
00101110111011
00101110111101
00101110111111
00101111001101
00101111001111
00101111010011
00101111010101
00101111010111
00101111011011
00101111011101
00101111011111
00101111100111
00101111101011
00101111101101
00101111101111
00101111110011
00101111110101
00101111110111
00101111111011
00101111111101
00101111111111
00110011001101
00110011001111
00110011010101
00110011010111
00110011011011
00110011011101
00110011011111
00110011100111
00110011101011
00110011101101
00110011101111
00110011110101
00110011110111
00110011111011
00110011111101
00110011111111
00110100110101
00110100110111
00110100111011
00110100111101
00110100111111
00110101001111
00110101010101
00110101010111
00110101011011
00110101011101
00110101011111
00110101100111
00110101101011
00110101101101
00110101101111
00110101110101
00110101110111
00110101111011
00110101111101
00110101111111
00110110011101
00110110011111
00110110100111
00110110101011
00110110101101
00110110101111
00110110110101
00110110110111
00110110111011
00110110111101
00110110111111
00110111001111
00110111010101
00110111010111
00110111011011
00110111011101
00110111011111
00110111100111
00110111101011
00110111101101
00110111101111
00110111110101
00110111110111
00110111111011
00110111111101
00110111111111
00111001110101
00111001110111
00111001111011
00111001111101
00111001111111
00111010011111
00111010101011
00111010101101
00111010101111
00111010110101
00111010110111
00111010111011
00111010111101
00111010111111
00111011001111
00111011010101
00111011010111
00111011011011
00111011011101
00111011011111
00111011101011
00111011101101
00111011101111
00111011110101
00111011110111
00111011111011
00111011111101
00111011111111
00111100111101
00111100111111
00111101010101
00111101010111
00111101011011
00111101011101
00111101011111
00111101101011
00111101101101
00111101101111
00111101110101
00111101110111
00111101111011
00111101111101
00111101111111
00111110101011
00111110101101
00111110101111
00111110110101
00111110110111
00111110111011
00111110111101
00111110111111
00111111010101
00111111010111
00111111011011
00111111011101
00111111011111
00111111101011
00111111101101
00111111101111
00111111110101
00111111110111
00111111111011
00111111111101
00111111111111
01010101010111
01010101011011
01010101011111
01010101101011
01010101101111
01010101110111
01010101111011
01010101111111
01010110101111
01010110110111
01010110111011
01010110111111
01010111010111
01010111011011
01010111011111
01010111101011
01010111101111
01010111110111
01010111111011
01010111111111
01011010110111
01011010111011
01011010111111
01011011010111
01011011011011
01011011011111
01011011101111
01011011110111
01011011111011
01011011111111
01011101011111
01011101101111
01011101110111
01011101111011
01011101111111
01011110110111
01011110111011
01011110111111
01011111011011
01011111011111
01011111101111
01011111110111
01011111111011
01011111111111
01101101101111
01101101110111
01101101111111
01101110111111
01101111011111
01101111101111
01101111110111
01101111111111
01110111011111
01110111101111
01110111111111
01111011111111
01111101111111
01111111111111